RWRV_J02
66*197
0.0000*1.0000|0|0
-30,-72|-30,696|-31,1463|-30,2231|-30,2999
Border: Passable
1,13,167|0,20,32|1,20,85|1,27,34|1,56,167|



0

1|1|1|1|1|1|1|1,4,3|1|1|1|1|1|1|1|1|1|1|1|1|1|1|1|1|1|1|1|1|1|1|1|1|1|1|1|1|1|1|1|1|1|1|1|1|1|1|1|1|1|1|1|1|1|1|1|1|1|1|1|1|1|1|1|1|1|1|1|1|1|1|1|1|1|1|1|1|1|1|1|1|1|1|1|1|1|1|1|1|1|1|1|1|1|1|1|1|1|1|1|1|1|1|1|1|1|1|1|1|1|1|1|1|1|1|1|1|1|1|1|1|1|1|1|1|1|1|1|1|1|1|1|1|1|1|1|1|1|1|1|1|1|1|1|1|1|1|1|1|1|1|1|1|1|1|1|1|1|1|1|1|1|1|1|1|1|1|1|1|1|1|1|1|1|1|1|1|1|1|1|1|1|1|1|1|1|1|1|1|1|1|1|1|1|0,6|1|1|1|1|1|1|1|1|1|1|1,3|1|1|1|1|1|1|1|1|1|1|1|1|1|1|1|1|1|1|1|1|1|1|1|1|1|1|1|1|1|1|1|1|1|1|1|1|1|1|1|1|1|1|1|1|1|1|1|1|1|1|1|1|1|1|1|1|1|1|1|1|1|1|1|1|1|1|1|1|1|1|1|1|1|1|1|1|1|1|1|1|1|1|1|1|1|1|1|1|1|1|1|1|1|1|1|1|1|1|1|1|1|1|1|1|1|1|1|1|1|1|1|1|1|1|1|1|1|1|1|1|1|1|1|1|1|1|1|1|1|1|1|1|1|1|1|1|1|1|1|1|1|1|1|1|1|1|1|1|1|1|1|1|1|1|1|1|1|1|1|1|1|1|1|1|1|1|1|1|1|1|1,3|1,3|1,3|1|1|1|1|1|1|1|1|1|1|1|1|0,6|1|1|1|1|1|1|1|1|1|1|4,3,6|1|1|1|1|1|1|1|1|1|1|1|1|1|1|1|1|1|1|1|1|1,5,3|1|1|1|1,5,3|1|1|1|1|1|1|1|1|1|1|1|1|1|1|1|1|1|1|1|1|1|1|1|1|1|1|1|1|1|1|1|1|1|1|1|1|1|1|1|1|1|1|1|1|1|1|1|1|1|0,6|0,6|0,6|0,6|0,6|0,6|0,6|0,6|0,6|0,6|0,6|1|1|1|1|1|1|1|1|1|1|1|1|1|1|1|1|1|1|1|1|1|1|1|1|1|1|1|1|1|1|1|1|1|1|1|1|1|1|1|1|1|1|1|1|1|1|1|1|1|1|1|1|1|1|1|1|1|1|1|1|1|1|1|1|1|1|1|1|1|1|1|1|1|1|1|1|1|1|1|1|1|1|1|1|1|4,3,6|1|1,3|1|1|1|1|1|1|1|1|1|1|1|1|0,6|1|1|1|1|1|1|1|1|1|1|0,6|1|1|1|1|1|1|1|1|1|1|1|1|1|1|1|1|1|1|1|1|1,3|1|1|1|1,3|1|1|1|1|1|1|1|1|1|1|1|1|1|1|1|1|1|1|1|1|1|1|1|1|1|1|1|1|1|1|1|1|1|1|1|1|1|1|1|1|1|1|1|1|1|1|1|1,3|1,3|0,3,6|1,3|1,3|1|1|1|1|1|1|1|0,6|1|1|1|1|1|1|1|1|1|1|1|1|1,3|1,3|1,3|1,3|1,3|1,3|1,3|1,3|1,3|1,3|1,3|1,3|1,3|1,3|1,3|1,3|1,3|1,3|1,3|1,3|1,3|1,3|1,3|1,3|1,3|1,3|1,3|1,3|1,3|1,3|1,3|1,3|1,3|1,3|1,3|1,3|1,3|1,3|1,3|1,3|1,3|1,3|1,3|1,3|1,3|1,3|1,3|1,3|1,3|1,3|1,3|1,3|1|1|1|1|1|1|1|1|1|1|1|1|1|1|1|1|1|1|1|1|1|0,6|1|1,3|1|0,6|0,6|0,6|0,6|0,6|4,3,6|1,3|1,5,3|1|1|1|0,6|1|1|1|1|1|1|1|1|1|0,6|0,6|0,6|1|1|1|1|1|1|1|1|0,6|0,6|0,6|0,6|0,6|1|1|1|1|1|1|4,3,2,6|1|1|1|4,3,2,6|1|1|1|1|1|1|1|1|1|1|1|1|1|1|1|1|1,3|1,3|1,3|1,3|1,3|1|1|1|1|1|1|1|1|1|1|1|1|1|1|1|1|1|1|1|1|1|1|1|1|1|1|1,3|1|0,6|1|1,3|1|1|1|1|1|1|1|0,6|1|1|1|1|1|1|1|1|1|1|1|1|1,3|1|1|1|1|1|1|1|1|1|1|0,6|0,6|0,6|0,6|0,6|0,6|0,6|0,6|0,6|0,6|0,6|0,6|0,6|0,6|0,6|0,6|0,6|0,6|0,6|1|1|1|1|1|1|1|1|1|1|1|1|1|1|1|1|1|1|1|1|1|4,3,6|1|1|1|1|1|1|1|1|1|1|1|1|1|1|1|1|1|1|1|1|1|0,6|1|1,3|1|0,6|1|1|1|1|1|1|1|1|1|1|0,6|0,6|0,6|0,6|1|1|1|1|1|1|0,6|0,6|0,6|1|1|1|1|1|1|1|0,6|0,6|0|0|0|0,6|0,6|0,6|1|1|1|1|0,2,6|1|1|1|0,2,6|1|1|1|1|1|1|1|1|1|1|1|1|1|1|1|1|4,3,3,6|1|1|1|1,3|1,3|1,3|1,3|1,3|1,3|1,3|1,3|1,3|1,3|1,3|1,3|1,3|1,3|1,3|1,3|1,3|1,3|1,3|1,3|1,3|1,3|1,3|1,3|1,3|1,3|1,3|1,3|1|0,6|1|1,3|1,3|1,3|1|1|1|1|1|0,6|1|1|1|1|1|1|1|1|1|1|1|1|1,3|1|1|1|1|1|1|1|1|1|1|0,6|1|1|1|1|1|1|1|1|1|1|1|1|1|1|1|1|1|0,6|1|1|1|1|1|1|1|1|1|1|1|1|1|1|1|1|1|1|1|1|1|0,6|1|1|1|1|1|1|1|1|1|1|1|1|1|1|1|1|1|1|1|1|1|0,6|1|1,3|1|0,6|1|1|1|1|1|1|1|1|1|1|0,6|1|1|1|0|1|1|0|0|0,2|0|0,1|0,2,1|0,1|1|1|1|1|1|0,1|0,2,1|0,1|0|0|0|0|0|0|0|0,1|0,2,1|0,1|0,2,1|0,1|0,2,1|0,1|0,2,1|0,1|1|1|1|1|1|1|0,6|0,6|0,6|0,6|0,6|0,6|1|1|1|0,6|1|1|1|0,6|0,6|0,6|0,6|0,6|0,6|0,6|0,6|0,6|0,6|0,6|0,6|0,6|0,6|0,6|0,6|0,6|0,6|0,6|0,6|0,6|0,6|0,6|0,6|0,6|0,6|0,6|0,6|1|0,6|1|0,6|0,6|1,3|1|1|1|0,6|1|0,6|1|0,6|0,6|0,6|0,6|1|1|1|1|1|1|1|4,3,6|1|1|1|0,6|0,6|0,6|0,6|0,6|0,6|1|0,6|1|0,6|0,6|0,6|0,6|0,6|0,6|0,6|0,6|0,6|0,6|0,6|0,6|0,6|1|1|1|0,6|1|1|1|0,6|0,6|0,6|0,6|0,6|0,6|0,6|0,6|0,6|0,6|0,6|0,6|0,6|0,6|0,6|0,6|0,6|0,6|0,6|1|1|0,6|0,6|0,6|0,6|0,6|0,6|0,6|0,6|0,6|0,6|1|1|1|1|1|1|0,6|0,6|0,6|0,6|0,6|0,3,6|0,6|0,6|0,6|0,6|1|1|1|1|1|1|1|1|0,6|1|1|1|1|1|1|1|0|1|0|0|0,2|0|0,2|0|0,2|0|0,2|0|0,2|0|0|0|0|0|0,2|0|0|0|0|0|0,2|0|0,2|0|0,2|0|1|1|1|1|1|0,6|0,6|0,6|0,6|0,6|0,6|0,6|0,6|0,6|0,6|0,6|1|1|1|0,6|0,6|0,6|0,6|0,6|0,6|0,6|0,6|0,6|0,6|0,6|0,6|0,6|0,6|0,6|0,6|0,6|0,6|0,6|0,6|0,6|0,6|0,6|0,6|0,6|0,6|0,6|0,6|0,6|0,6|0,6|0,6|0,6|1,3|1|1|1|0,6|0,6|0,6|0,6|0,6|0,6|0,6|0,6|0,6|0,6|0,6|2,6|1|1|1|0,6|1|1|2,6|0,6|0,6|0,6|0,6|0,6|0,6|0,6|0,6|0,6|0,6|0,6|0,6|0,6|0,6|0,6|0,6|0,6|0,6|0,6|0,6|0,6|0,6|2,6|1|1|0,6|1|1|2,6|0,6|0,6|0,6|0,6|0,6|0,6|0,6|0,6|0,6|0,6|0,6|0,6|0,6|0,6|0,6|0,6|0,6|0,6|0,6|1|1|0,6|0,6|0,6|0,6|0,6|0,6|0,6|0,6|0,6|0,6|1|1|1|1|1|1|0,6|1|1|1|1|1,3|1|1|1|0,6|1|1|1|1|1|1|1|1|0,6|1|1|1|1|1|1|1|0|0,2|0|0|0|0|0,2|0|0,2|0|0,2|0|0,2|0|0,2|0|0|0|0,2|0|0|0|0,2|0|0,2|0|0,2|0|0,2|0|1|1|1|1|1|0,6|1|1|1|1|0,6|0,6|0,6|0,6|0,6|0,6|1|1|1|0,6|0,6|0,6|0,6|0,6|0,6|0,6|0,6|0,6|0,6|0,6|0,6|0,6|0,6|0,6|0,6|0,6|0,6|0,6|0,6|0,6|1|1|1|0,6|0,6|0,6|0,6|0,6|0,6|0,6|0,6|0,6|1,3|1|1|1|0,6|0,6|0,6|0,6|0,6|0,6|0,6|0,6|0,6|0,6|0,6|0,6|0,6|0,6|0,6|0,6|0,6|0,6|1|1|1|0,6|0,6|0,6|0,6|0,6|0,6|0,6|0,6|0,6|0,6|0,6|0,6|0,6|0,6|0,6|0,6|0,6|0,6|0,6|0,6|0,6|0,6|0,6|0,6|0,6|0,6|0,6|0,6|0,6|0,6|0,6|0,6|0,6|0,6|0,6|0,6|1|1|1|0,6|0,6|0,6|0,6|0,6|0,6|0,6|0,6|0,6|0,6|0,6|0,6|0,6|0,6|0,6|0,6|0,6|0,6|0,6|3,6|0,6|0,6|0,6|0,6|0,6|0,6|1|1|1|1|1,3|1|1|1|0,6|1|1|1|1|1|1|1|1|0,6|1|1|1|1|1|1|1|0|0,2|0|0|0|0,1|0,2,1|0,1|0,2,1|0,1|0,2,1|0,1|0,2,1|0,1|0,2,1|0,1|0,2,1|0,1|0,2,1|0,1|0,2,1|0,1|0,2,1|0,1|0,2,1|0,1|0,1|0,1|0,2,1|0,1|1|1|1|1|1|0,6|1|1|1|1|0,6|0,6|0,6|0,6|0,6|0,6|1|1|1|0,1,6|0,1,6|0,1,6|0,1,6|0,1,6|0,1,6|0,1,6|0,1,6|0,1,6|0,1,6|0,1,6|0,1,6|0,1,6|0,1,6|0,1,6|0,1,6|0,1,6|0,1,6|0,1,6|0,1,6|0,1,6|1|1|1|0,1,6|0,1,6|0,1,6|0,1,6|0,1,6|0,1,6|0,1,6|0,1,6|0,1,6|1,3|1|1|1|0,1,6|0,1,6|0,1,6|0,1,6|0,1,6|0,1,6|0,1,6|0,1,6|0,1,6|0,1,6|0,1,6|0,1,6|0,1,6|0,1,6|0,1,6|0,1,6|0,1,6|0,1,6|1|1|1|0,1,6|0,1,6|0,1,6|0,1,6|0,1,6|0,1,6|0,1,6|0,1,6|0,1,6|0,1,6|0,6|0,6|0,6|0,6|0,6|0,6|0,6|0,6|0,6|0,6|0,6|0,1,6|0,1,6|0,1,6|0,1,6|0,1,6|0,1,6|0,1,6|0,1,6|0,1,6|0,1,6|0,1,6|0,1,6|0,1,6|0,1,6|0,1,6|1|1|1|0,1,6|0,1,6|0,1,6|0,1,6|0,1,6|0,1,6|0,1,6|0,1,6|0,1,6|0,1,6|0,1,6|0,1,6|0,1,6|0,1,6|0,1,6|0,1,6|0,1,6|0,1,6|0,1,6|1|1|1|1|1|1|1|1|1|1|1|1,3|1|1|1|0,6|1|1|1|1|1|1|1|1|0,6|1|1|1|1|1|1|1|0|1|0|0|0|0|0|0|0|0|0|0|0|0|0|0|0|0|0|0|0|0|0|0|0|0|0|0|0|0|1|1|1|1|1|1|1|1|1|1|0,6|0,6|0,6|0,6|0,6|0,6|1|1|1|0,6|0,6|0,6|0,6|0,6|0,6|0,6|0,6|0,6|0,6|0,6|0,6|0,6|0,6|0,6|0,6|0,6|0,6|0,6|0,6|0,6|1|1|1|0,6|0,6|0,6|0,6|0,6|0,6|0,6|0,6|0,6|1,3|1|1|1|0,6|0,6|0,6|0,6|0,6|0,6|0,6|0,6|0,6|0,6|0,6|0,6|0,6|0,6|0,6|0,6|0,6|0,6|1|1|1|0,6|0,6|0,6|0,6|0,6|0,6|0,6|0,6|0,6|0,6|0,6|0,6|0,6|0,6|0,6|0,6|0,6|0,6|0,6|0,6|0,6|0,6|0,6|0,6|0,6|0,6|0,6|0,6|0,6|0,6|0,6|0,6|0,6|0,6|0,6|0,6|1|1|1|0,6|0,6|0,6|0,6|0,6|0,6|0,6|0,6|0,6|0,6|0,6|0,6|0,6|0,6|0,6|0,6|0,6|0,6|1|1|1|1|1|1|1|1|1|1|1|1|1,3|0,6|0,6|0,6|0,6|1|1|1|1|1|1|1|1|0,6|1|1|1|0|1|1|0|0|0,2|0|0|0|0|0|0|0|0|0|0|0|0|0|0|0|0|0|0|0|0|0|0|0|0|0|0|0|0|1|1|1|1|1|1|1|1|1|1|0,6|0,6|0,6|0,6|0,6|0,6|1|1|1|0,6|0,6|0,6|0,6|0,6|0,6|0,6|0,6|0,6|0,6|0,6|0,6|0,6|0,6|0,6|0,6|0,6|0,6|0,6|0,6|0,6|0,6|0,6|0,6|0,6|0,6|0,6|0,6|0,6|0,6|0,6|0,6|0,6|1,3|1|1|1|0,6|0,6|0,6|0,6|0,6|0,6|0,6|0,6|0,6|0,6|0,6|0,6|0,6|0,6|0,6|0,6|0,6|0,6|0,6|0,6|0,6|0,6|0,6|0,6|0,6|0,6|0,6|0,6|0,6|0,6|0,6|0,6|0,6|0,6|0,6|0,6|0,6|0,6|0,6|0,6|0,6|0,6|0,6|0,6|0,6|0,6|0,6|0,6|0,6|0,6|0,6|0,6|0,6|0,6|0,6|0,6|0,6|0,6|0,6|0,6|0,6|0,6|0,6|0,6|0,6|0,6|0,6|0,6|0,6|0,6|0,6|0,6|0,6|0,6|0,6|0,6|0,6|0,6|1|1|1|1|1|1|1|1|1|1|1|1|1,3|0,6|1|1|1|1|1|1|1|1|1|1|0,6|0,6|1|1|1|1|1|1|1|0|1|0|0|0|0|0|0|0|0|0|0|0|0|0|0|0|0|0|0|0|0|0|0|0|0|0|0|0|0|1|1|1|1|1|0,6|1|1|1|1|0,6|0,6|0,6|0,6|0,6|0,6|1|1|1|0,6|0,6|0,6|0,6|0,6|0,6|0,6|0,6|0,6|0,6|0,6|0,6|0,6|0,6|0,6|0,6|0,6|0,6|0,6|0,6|0,6|0,6|0,6|0,6|0,6|0,6|0,6|0,6|0,6|0,6|0,6|0,6|1|1,3|1|1|1|0,6|0,6|0,6|0,6|0,6|0,6|0,6|0,6|0,6|0,6|0,6|0,6|0,6|0,6|0,6|0,6|0,6|0,6|0,6|0,6|0,6|0,6|0,6|0,6|0,6|0,6|0,2,6|0,6|0,6|0,6|0,6|0,6|0,6|0,6|0,6|0,6|0,6|0,6|0,6|0,6|0,6|0,6|0,6|0,6|0,6|0,6|0,6|0,6|0,6|0,6|0,6|0,6|0,6|0,6|0,6|0,6|0,6|0,6|0,6|0,6|0,6|0,6|0,6|0,6|0,6|0,6|0,6|0,6|0,6|0,6|0,6|0,6|0,6|0,6|0,6|0,6|0,6|1|1|1|1|1|1|1|1|1|1|1|1|1|1,3|0,6|0,6|0,6|0,6|0,6|0,6|0,6|1|1|1|1|0,6|1|1|1|1|1|1|1|1|0|0,2|0|0|0|0|0|0|0|0|0|0|0|0|0|0|0|0|0|0|0|0|0|0|0|0|0|0|0|0|1|1|1|1|1|0,6|1|1|1|1|0,6|0,6|0,6|0,6|0,6|0,6|1|1|1|0,6|0,6|0,6|0,6|0,6|0,6|0,6|0,6|0,6|0,6|0,6|0,6|0,6|0,6|0,6|0,6|0,6|0,6|0,6|0,6|0,6|0,6|0,6|0,6|0,6|0,6|0,6|0,6|0,6|0,6|0,6|0,6|1|1,3|1|1|1|0,6|0,6|0,6|0,6|0,6|0,6|0,6|0,6|0,6|0,6|0,6|0,6|0,6|0,6|0,6|0,6|0,6|0,6|0,6|0,6|0,6|0,6|0,6|0,6|0,6|0,6|0,2,6|0,6|0,6|0,6|0,6|0,6|0,6|0,6|0,6|0,6|0,6|0,6|0,6|0,6|0,6|0,6|0,6|0,6|0,6|0,6|0,6|0,6|0,6|0,6|0,6|0,6|0,6|0,6|0,6|0,6|0,6|0,6|0,6|0,6|0,6|0,6|0,6|0,6|0,6|0,6|0,6|0,6|0,6|0,6|0,6|0,6|0,6|0,6|0,6|0,6|0,6|1|1|1|1,3|4,3,6|0,6|0,6|0,6|0,6|0,6|0,6|1|1|1,3|0,3,6|1,3|1,3|1,3|1|1|0,6|1|1|1|1|0,6|1|1|1|1|1|1|1|1|0|0,2|0|0|0|0|0|0|0|0|0|0|0|0|0|0|0|0|0|0|0|0|0|0|0|0|0|0|0|1|1|1|1|1|1|0,6|1|1|1|1|0,6|0,6|0,6|0,6|0,6|0,6|1|1|1|0,6|0,6|0,6|0,6|0,6|0,6|0,6|0,6|0,6|0,6|0,6|0,6|0,6|0,6|0,6|0,6|0,6|0,6|0,6|0,6|0,6|0,6|0,6|0,6|0,6|0,6|0,6|0,6|0,6|0,6|0,6|1|1|1,3|1|1|1|0,6|0,6|0,6|0,6|0,6|0,6|0,6|0,6|0,6|0,6|0,6|0,6|0,6|0,6|0,6|0,6|0,6|0,6|0,1,6|0,1,6|0,1,6|0,1,6|0,2,1,6|0,1,6|0,1,6|0,1,6|0,2,1,6|0,1,6|0,1,6|0,1,6|0,6|0,6|0,6|0,6|0,6|0,6|0,6|0,6|0,6|0,6|0,6|0,6|0,6|0,6|0,6|0,6|0,6|0,6|0,6|0,6|0,6|0,6|0,6|0,6|0,6|0,6|0,6|0,6|0,6|0,6|0,6|0,6|0,6|0,6|0,6|0,6|0,6|0,6|0,6|0,6|0,6|0,6|0,6|0,6|0,6|0,6|0,6|0,6|1|1|1,3|1|1|1|1|1|1|0,6|1|1|1|0,6|1|1|1,3|1|1|0,6|1|1|1|1|0,6|1|1|1|1|1|1|1|1|0|1|0|0|0|0|0|0|0|0|0|0|0|0|0|0|0|0|0|0|0|0|0|0|0|0|0|0|0|1|1|1|1|1|1|0,6|1|1|1|1|0,6|0,6|0,6|0,6|0,6|0,6|1|1|1|0,6|0,6|0,6|0,6|0,6|0,6|1|1|1|0,6|0,6|0,6|0,6|0,6|0,6|0,6|0,6|0,6|0,6|0,6|0,6|0,6|0,6|0,6|0,6|0,6|0,6|0,6|0,6|0,6|0,6|1|1|1,3|1|1|1|0,6|0,6|0,6|1|1|1|0,6|0,6|0,6|0,6|0,6|0,6|0,6|0,6|0,6|0,6|0,6|0,6|0,6|0,6|0,6|0,6|0,2,6|0,6|0,6|0,6|0,2,6|0,6|0,6|0,6|0,6|0,6|0,6|0,6|0,6|0,6|1|1|1|0,6|0,6|0,6|0,6|0,6|0,6|0,6|0,6|0,6|0,6|0,6|0,6|0,6|0,6|0,6|0,6|0,6|0,6|0,6|0,6|0,6|0,6|0,6|0,6|0,6|0,6|0,6|0,6|0,6|0,6|0,6|0,6|1|1|1|0,6|0,6|0,6|0,6|0,6|1|1,3|1|1|1|1|1|1|0,6|0,6|0,6|0,6|0,6|1|1|1|1,3|1|0,6|1|1|1|1|0,6|1|1|1|1|0|0|0|0|0|0|0|0|0|0|0|0|0|0|0|0|0|0|0|0|0|0|0|0|0|0|0|0|0|0|0|0|0,6|1|1|1|1|1|1|0,6|1|1|1|1|0,6|0,6|0,6|0,6|0,6|0,6|1|1|1|0,1,6|0,1,6|0,1,6|0,1,6|0,1,6|0,1,6|1|1|1|0,1,6|0,1,6|0,1,6|0,1,6|0,1,6|0,1,6|0,1,6|0,1,6|0,1,6|0,1,6|0,1,6|0,1,6|0,1,6|0,1,6|0,1,6|0,1,6|0,1,6|0,1,6|0,1,6|0,1,6|0,1,6|0,1,6|1|1|1,3|1|1|1|0,1,6|0,1,6|0,1,6|1|1|1|0,1,6|0,1,6|0,1,6|0,1,6|0,1,6|0,1,6|0,1,6|0,1,6|0,1,6|0,1,6|0,1,6|0,1,6|0,1,6|0,1,6|0,1,6|0,1,6|1|0,1,6|0,1,6|0,1,6|0,2,1,6|0,1,6|0,1,6|0,1,6|0,1,6|0,1,6|0,1,6|0,1,6|0,1,6|0,1,6|1|1|1|0,1,6|0,1,6|0,1,6|0,1,6|0,1,6|0,1,6|0,1,6|0,1,6|0,1,6|0,1,6|0,1,6|0,1,6|0,1,6|0,1,6|0,1,6|0,1,6|0,1,6|0,1,6|0,1,6|0,1,6|0,1,6|0,1,6|0,1,6|0,1,6|0,1,6|0,1,6|0,1,6|0,1,6|0,1,6|0,1,6|0,1,6|0,1,6|1|1|1|0,1,6|0,1,6|0,1,6|0,1,6|0,1,6|1|1,3|1,3|1,3|1,3|1,3|1,3|1|1|1|0,6|1|1|1|1|1|1,3|1|0,6|1|1|1|1|0,6|1|0,6|0,6|0,6|0|0|0|0|0|0|0|1|1|0|0|0|0|0|0|0|0|0|0|0|0|0|0|0|0|0|0|0|0|0|0|0|1|1|1|1|1|1|1|0,6|1|1|1|1|0,6|0,6|0,6|0,6|0,6|0,6|1|1|1|0,6|0,6|0,6|0,6|0,6|0,6|1|1|1|0,6|0,6|0,6|0,6|0,6|0,6|0,6|0,6|0,6|0,6|0,6|0,6|0,6|0,6|0,6|0,6|0,6|0,6|0,6|0,6|0,6|0,6|1|1|1,3|1,3|1|1|0,6|0,6|0,6|1|1|1|0,6|0,6|0,6|0,6|0,6|0,6|0,6|0,6|0,6|0,6|0,6|0,6|0,6|0,6|0,6|0,6|1|1|0,6|0,6|0,6|0,6|0,6|0,6|0,6|0,6|0,6|0,6|0,6|0,6|1|1|1|0,6|0,6|0,6|0,6|0,6|0,6|0,6|0,6|0,6|0,6|0,6|0,6|0,6|0,6|0,6|0,6|0,6|0,6|0,6|0,6|0,6|0,6|0,6|0,6|0,6|0,6|0,6|0,6|0,6|0,6|0,6|0,6|1|1|1|0,6|0,6|0,6|0,6|0,6|1|1|1|1|1|1|1,3|1|1|1|0,6|1|1|1|1|1|1,3|1|0,6|1|1|1|1|0,6|1|0,6|1|1|0|0|0|0|0|0|0|0,2|0,2|0|0|0|0|0|0|0|0|0|0|0|0|0|0|0|0|0|0|0|0|0|0|0,6|1|1|1|1|1|1|1|0,6|1|1|1|1|0,6|0,6|0,6|0,6|0,6|0,6|1|1|1|0,6|0,6|0,6|0,6|0,6|0,6|0,6|0,6|0,6|0,6|0,6|0,6|0,6|0,6|0,6|0,6|0,6|0,6|0,6|0,6|0,6|0,6|0,6|0,6|0,6|0,6|0,6|0,6|0,6|0,6|0,6|0,6|1|1|1,3|1|1|0,6|0,6|0,6|0,6|0,6|0,6|0,6|0,6|0,6|0,6|0,6|0,6|0,6|0,6|0,6|0,6|0,6|0,6|0,6|0,6|0,6|1|1|1|0,6|0,6|0,6|0,6|0,6|0,6|0,6|0,6|0,6|0,6|0,6|0,6|0,6|0,6|0,6|0,6|0,6|0,6|0,6|0,6|0,6|0,6|0,6|0,6|0,6|0,6|0,6|0,6|0,6|0,6|0,6|0,6|0,6|0,6|0,6|0,6|0,6|0,6|0,6|0,6|0,6|0,6|0,6|0,6|0,6|0,6|0,6|0,6|0,6|0,6|0,6|0,6|0,6|0,6|0,6|3,6|0,6|0,6|0,6|0,6|0,6|0,3,6|0,6|0,6|0,6|0,6|1|1|1|1|1|1,3|1,3|0,3,6|1,3|1,3|1|1|0,6|0,6|0,6|1|1|0|0|0|0|0|0|0|0,2|0,2|0|0|0|0|0|0|0|0|0|0|0|0|0|0|0|0|0|0|0|0|0|0|0,6|1|1|1|1|1|1|1|0,6|1|1|1|1|0,6|0,6|0,6|0,6|0,6|0,6|1|1|1|0,6|0,6|0,6|0,6|0,6|0,6|0,6|0,6|0,6|0,6|0,6|0,6|0,6|0,6|0,6|0,6|0,6|0,6|0,6|0,6|0,6|0,6|0,6|0,6|0,6|0,6|0,6|0,6|0,6|0,6|0,6|0,6|1|1|4,3,6|1|0,6|0,6|0,6|0,6|0,6|0,6|0,6|0,6|0,6|0,6|0,6|0,6|0,6|0,6|0,6|0,6|0,6|0,6|0,6|0,6|0,6|0,6|1|1|1|1|0,6|0,6|0,6|0,6|0,6|0,6|0,6|0,6|0,6|0,6|0,6|0,6|0,6|0,6|0,6|0,6|0,6|0,6|0,6|0,6|0,6|0,6|0,6|0,6|0,6|0,6|0,6|0,6|0,6|0,6|0,6|0,6|0,6|0,6|0,6|0,6|0,6|0,6|0,6|0,6|0,6|0,6|0,6|0,6|0,6|0,6|0,6|0,6|0,6|0,6|0,6|0,6|0,6|0,6|1|1|1|1|1|1|1,3|1|1|1|1|1|1|1|1|1|1|1|0,6|1|1,3|1|1|1|1|0,6|1|1|0|0|0|0|0|0|0|0,2|0,2|0|0|0,2|0|0|0|0|0|0|0|0|0|0|0|0|0|0|0|0|0|0|0|0|0,6|1|1|1|1|1|1|0,6|1|1|1|1|0,6|0,6|0,6|0,6|0,6|0,7,6|1|1|1|0,6|0,6|0,6|0,6|0,6|0,6|0,6|0,6|0,6|0,6|0,6|0,6|0,6|0,6|0,6|0,6|0,6|0,6|0,6|0,6|0,6|0,6|0,6|0,6|0,6|0,6|0,6|0,6|0,6|0,6|0,6|0,6|0,6|1|0,6|1|0,6|0,6|0,6|0,6|0,6|0,6|0,6|0,6|0,6|0,6|0,6|0,6|0,6|0,6|0,6|0,6|0,6|0,6|0,6|0,6|0,6|0,6|1|1|1|1|0,1,6|0,1,6|0,6|0,6|0,6|0,6|0,6|0,6|0,6|0,6|0,6|0,6|0,6|0,6|0,6|0,6|0,6|0,6|0,6|0,6|0,6|0,6|0,6|0,6|0,6|0,6|0,6|0,6|0,6|0,6|0,6|0,6|0,6|0,6|0,6|0,6|0,6|0,6|0,6|0,6|0,6|0,6|0,6|0,6|0,6|0,6|0,6|0,6|0,6|0,6|0,6|0,6|0,6|1|1|1|1|1|1|1|1,3|1|1|1|1|1|1,3|1,3|1,3|1,3|1,3|1,3|0,3,6|1,3|1,3|1|1|1|1|0,6|1|1|0|0|0|0|0|0|0|0,2|0,2|0|0|0,2|0|0|0|0|0|0|0|0|0|0|0|0|0|0|0|0|0|0|0|0|0,6|1|1|1|1|1|1|0,6|1|1|1|1|0,6|0,6|0,6|0,6|0,7,6|1|1|1|1|0,6|0,6|0,6|0,6|0,6|0,6|0,6|0,6|0,6|0,6|0,6|0,6|0,6|0,6|0,6|0,6|0,6|0,6|0,6|0,6|0,6|0,6|0,6|0,6|0,6|0,6|0,6|0,6|0,6|0,6|0,6|0,6|0,6|1|0,6|0,6|0,6|0,6|0,6|0,6|0,6|0,6|0,6|0,6|0,6|0,6|0,6|0,6|0,6|0,6|0,6|0,6|0,6|0,6|0,6|0,6|0,6|1|1|1|1|1|0,6|0,6|0,6|0,6|0,6|0,6|0,6|0,6|0,6|0,6|0,6|0,6|0,6|0,6|0,6|0,6|0,6|0,6|0,6|0,6|0,6|0,6|0,6|0,6|0,6|0,6|0,6|0,6|0,6|0,6|0,6|0,6|0,6|0,6|0,6|0,6|0,6|0,6|0,6|0,6|0,6|0,6|0,6|0,6|0,6|0,6|0,6|0,6|0,6|0,6|0,6|0,6|1|1|1|1|1|1|1|1|1,3|1,3|1,3|1|1|1|1,3|1|0,6|0,6|0,6|0,6|0,6|1|1|1|1|1|1|0,6|1|1|0|0|0|0|0|0|0|1|1|0,1|1|1|0,1|0,1|0,1|0,1|0,1|0,1|0,1|0,1|0,1|0,1|0,1|0,1|0,1|0,1|0,1|0,1|0,1|0,1|0,1|0,1|0,1,6|0,1,6|1|1|1|1|1|1|1|1|1|1|0,6|0,6|0,6|0,6|0,7,6|1|1|1|1|0,6|0,6|0,6|0,6|0,6|0,6|0,6|0,6|0,6|0,6|0,6|0,6|0,6|0,6|0,6|0,6|0,6|0,6|0,6|0,6|0,6|0,6|0,6|0,6|0,6|0,6|0,6|0,6|0,6|0,6|0,6|0,6|0,6|1|0,6|0,6|0,6|0,6|0,6|0,6|0,6|0,6|0,6|0,6|0,6|0,6|0,6|0,6|0,6|0,6|0,6|0,6|0,6|0,6|0,6|0,6|0,6|1|1|1|1|0,6|0,6|0,6|0,6|0,6|0,6|0,6|0,6|0,6|0,6|0,6|0,6|0,6|0,6|0,6|0,6|0,6|0,6|0,6|0,6|0,6|0,6|0,6|0,6|0,6|0,6|0,6|0,6|0,6|0,6|0,6|0,6|0,6|0,6|0,6|0,6|0,6|0,6|0,6|0,6|0,6|0,6|0,6|0,6|0,6|0,6|0,6|0,6|0,6|0,6|0,6|0,6|0,6|1|1|1|1|1|1|1|1|1|1|1,3|1|1|1|4,3,6|1|0,6|1|1|1|1|1|1|1|1|1|1|0,6|1|1|0|0|0|0|0|0|0|1|1|0|1|1|0|0|0|0|0|0|0|0|0|0|0|0|0|0|0|0|0|0|0|0|0,6|0,6|1|1|1|1|1|1|1|1|1|1|0,6|0,6|0,6|0,6|0,7,6|1|1|1|1|0,6|0,6|0,6|0,6|0,6|0,6|0,6|0,6|0,6|0,6|0,6|0,6|0,6|0,6|0,6|0,6|0,6|0,6|0,6|0,6|0,6|0,6|0,6|0,6|0,6|0,6|0,6|0,6|0,6|0,6|0,6|0,6|0,6|1|0,6|0,6|0,6|0,6|0,6|0,6|0,6|0,6|0,6|0,6|0,6|0,6|0,6|0,6|0,6|0,6|0,6|0,6|0,6|0,6|0,6|0,6|0,6|0,6|1|1|1|0,6|0,6|0,6|0,6|0,6|0,6|0,6|0,6|0,6|0,6|0,6|0,6|0,6|0,6|0,6|0,6|0,6|0,6|0,6|0,6|0,6|0,6|0,6|0,6|0,6|0,6|0,6|0,6|0,6|0,6|0,6|0,6|2,6|1|1|0,6|0,6|0,6|0,6|0,6|0,6|0,6|0,6|0,6|0,6|0,6|0,6|0,6|0,6|0,6|0,6|0,6|1|1|1,3|4,3,6|0,6|0,6|0,6|0,6|0,6|1|1|1,3|1|1|1|0,6|1|0,6|1|1|1|1|1|1|1|1|1|1|0,6|1|1|0|0|0|0|0|0|0|1|1|0|1|1|0|0|0|0|0|0|0|0|0|0|0|0|0|0|0|0|0|0|0|0|0|0,6|1|1|1|1|1|0,6|1|1|1|1|0,6|0,6|0,6|0,6|0,6|0,7,6|1|1|1|0,6|0,6|0,6|0,6|0,6|0,6|0,6|0,6|0,6|0,6|0,6|0,6|0,6|0,6|0,6|0,6|0,6|0,6|0,6|0,6|0,6|0,6|0,6|0,6|0,6|0,6|0,6|0,6|0,6|0,6|0,6|0,6|0,6|1|0,6|0,6|0,6|0,6|0,6|0,6|0,6|0,6|0,6|0,6|0,6|0,6|0,6|0,6|0,6|0,6|0,6|0,6|0,6|0,6|0,6|0,6|0,6|0,6|1|1|1|0,1,6|0,1,6|0,1,6|0,1,6|0,1,6|0,6|0,6|0,6|0,6|0,6|0,6|0,6|0,6|0,6|0,6|0,6|0,6|0,6|0,6|0,6|0,6|0,6|0,6|0,6|0,6|0,6|0,6|0,6|2,6|1|1|1|1|1|1|0,6|0,6|0,6|0,6|0,6|0,6|0,6|0,6|0,6|0,6|0,6|0,6|0,6|0,6|0,6|2,6|1|1|1|1,3|1|1|1|1|1|0,6|1|1|1,3|1|1|1|0,6|1|0,6|1|1|1|1|1|1|1|1|1|1|0,6|1|1|0|0|0|0|0|0|0|1|1|0,1|1|1|0,1|0,1|0,1|0,1|0,1|0,1|0,1|0,1|0,1|0,1|0,1|0,1|0,1|0,1|0,1|0,1|0,1|0,1|0,1|0,1|0,1|0,1,6|1|1|1|1|1|0,6|0,6|1|1|0,6|0,6|0,6|0,6|0,6|0,6|0,6|1|1|1|0,6|0,6|0,6|0,6|0,6|0,6|0,6|0,6|0,6|0,6|0,6|0,6|0,6|0,6|0,6|0,6|0,6|0,6|0,6|0,6|0,6|0,6|0,6|0,6|0,6|0,6|0,6|0,6|0,6|0,6|0,6|0,6|0,6|0,6|0,6|0,6|0,6|0,6|0,6|0,6|0,6|0,6|0,6|0,6|0,6|0,6|0,6|0,6|0,6|0,6|0,6|0,6|0,6|0,6|0,6|0,6|0,6|0,6|1|1|1|0,6|0,6|0,6|0,6|0,6|0,6|0,6|0,6|0,6|0,6|0,6|0,6|0,6|0,6|0,6|0,6|0,6|0,6|0,6|0,6|0,6|0,6|0,6|0,6|0,6|0,6|0,6|0,6|1|1|1|1|1|1|1|1|1|1|1|1|1|1|1|1|1|1|1|1|1|1|1|1|1|1|1,3|1|1|1|1|1|0,6|1|1|1,3|1|0,6|0,6|0,6|0,6|0,6|1|1|1|1|1|1|1|1|1|1|0,6|1|1|0|0|0|0|0|0|0|0,2|0,2|0|0|0,2|0|0|0|0|0|0|0|0|0|0|0|0|0|0|0|0|0|0|0|0|0|0|1|1|1|1|1|0,6|0,6|1|1|0,6|0,6|0,6|0,6|0,6|0,6|0,6|1|1|1|0,6|0,6|0,6|0,6|0,6|0,6|0,6|0,6|0,6|0,6|0,6|0,6|0,6|0,6|0,6|0,6|0,6|0,6|0,6|0,6|0,6|0,6|0,6|0,6|0,6|0,6|0,6|0,6|0,6|0,6|0,6|0,6|0,6|0,6|0,6|0,6|0,6|0,6|0,6|0,6|0,6|0,6|0,6|0,6|0,6|0,6|0,6|0,6|0,6|0,6|0,6|0,6|0,6|0,6|0,6|0,6|0,6|0,6|1|1|1|0,6|0,6|0,6|0,6|0,6|0,6|0,6|0,6|0,6|0,6|0,6|0,6|0,6|0,6|0,6|0,6|0,6|0,6|0,6|0,6|0,6|0,6|0,6|0,6|0,6|0,6|0,6|2,6|1|1|1|1|1|1|1|1|1|1|1|1|1|1|1|1|1|1|1|1|1|1|1|1|1|1|1,3|1,3|1,3|1|1|1|0,6|1|1|1,3|1|0,6|1|1|1|0,6|1|1|1|1|1|1|1|1|1|1|0,6|1|1|0|0|0|0|0|0|0|0,2|0,2|0|0|0,2|0|0|0|0|0|0|0|0|0|0|0|0|0|0|0|0|0|0|0|0|0|0|1|1|1|1|1|0,6|0,6|1|1|0,6|0,6|0,6|0,6|0,6|0,6|0,6|1|1|1|0,6|0,6|0,6|0|0,6|0,6|0,6|0,6|0,6|0,6|0,6|0,6|0,6|0,6|0,6|0,6|0,6|0,6|0,6|0,6|0,6|0,6|0,6|0,6|0,6|0,6|0,6|0|0|0,6|0,6|0|0|0,6|0,6|0,6|0,6|0,6|0,6|0,6|0,6|0,6|0,6|0,6|0,6|0,6|0,6|0,6|0,6|0,6|0,6|0,6|0,6|0,6|0,6|0,6|0|0,6|1|1|1|0,1,6|0,1,6|0,1,6|0,1,6|0,6|0,6|0,6|0,6|0,6|0,6|0,6|0,6|0,6|0,6|0,6|0,6|0,6|0,6|0,6|0,6|0,6|0,6|0,6|0|0,6|0,6|0,6|1|1|1|1|1|1|1|1|1|1|1|1|1|1|1|1|1|1|1|1|1|1|1|1|1|1|1|1|1|1,3|1|1|1|0,6|0,6|0,6|0,3,6|0,6|0,6|1|1|1|0,6|0,6|0,6|4,3,6|1,3|1,3|1|1|0,6|0,6|0,6|0,6|0,6|0,6|0|0|0|0|0|0|0|0,2|0,2|0|0|0|0|0|0|0|0|0|0|0|0|0|0|0|0|0|0|0|0|0|0|0|0|0|1|1|1|1|1|1|0,6|1|1|0,6|0,6|0,6|0,6|0,6|0,6|0,6|1|1|1|0,6|0,6|0,6|0|0|0,6|0,6|0,6|0,6|0,6|0,6|0,6|0,6|0,6|0,6|0,6|0,6|0,6|0,6|0,6|0,6|0,6|0,6|0,6|0,6|0,6|0|0|0,6|0,6|0,6|0,6|0|0,2|0,6|0,6|0,6|0,6|0,6|0,6|0,6|0,6|0,6|0,6|0,6|0,6|0,6|0,6|0,6|0,6|0,6|0,6|0,6|0,6|0,6|0|0|0,6|1|1|1|0|0,6|0,6|0,6|0,6|0,6|0,6|0,6|0,6|0,6|0,6|0,6|0,6|0,6|0,6|0,6|0,6|0,6|0,6|0,6|0,6|0,6|0|0|0,6|0,7,6|1|1|1|1|1|1|1|1|1|1|1|1|1|1|1|1|1|1|1|1|1|1|1|1|1|1|1|1|1|1|1,3|1|1|1|0,6|1|1|1,3|1|1|1|1|1|0,6|1|1|1|1|1,3|1|1|1|0,6|1|1|1|1|0|0|0|0|0|0|0|0,2|0,2|0|0|0|0|0|0|0|0|0|0|0|0|0|0|0|0|0|0|0|0|0|0|0|0|0|1|1|1|1|1|1|1|1|1|0,6|0,6|0,6|0,6|0,6|0,6|1|1|1|1|0,6|0,6|0,6|0,6|0|0|0,6|0,6|0,6|0,6|0,6|0,6|0,6|0,6|0,6|0,6|0,6|0,6|0,6|0,6|0,6|0,6|0,6|0,6|0,6|0|0|0,6|0,6|0,6|0,6|0,6|0,6|0,2|0|0,6|0,6|0,6|0,6|0,6|0,6|0,6|0,6|0,6|0,6|0,6|0,6|0,6|0,6|0,6|0,6|0,6|0,6|0,6|0|0|0,6|0,6|1|1|1|0|0|0,6|0,6|0,6|0,6|0,6|0,6|0,6|0,6|0,6|0,6|0,6|0,6|0,6|0,6|0,6|0,6|0,6|0,6|0,6|0|0|0,6|0,6|0,7,6|1|1|1|1|1|1|1|1|1|1|1|1|1|1|1|1|1|1|1|1|1|1|1|1|1|1|1|1|1|1|1,3|1|1|1|0,6|1|1|1,3|1|1|1|1|1|0,6|1|1|1|1|1,3|1|1|1|0,6|1|1|1|1|0|0|0|0|0|0|0|1|1|0|0|0|0|0|0|0|0|0|0|0|0|0|0|0|0|0|0|0|0|0|0|0|0|0|1|1|1|1|1|1|1|1|1|0,6|0,6|0,6|0,6|0,6|0,6|1|1|1|1|0,6|0,6|0,6|0,6|0,6|0|0|0,6|0,6|0,6|0,6|0,6|0,6|0,6|0,6|0,6|0,6|0,6|0,6|0,6|0,6|0,6|0,6|0,6|0|0|0,6|0,6|0,6|0,6|0,6|0,6|0,1,6|0,2,1,6|0,1|0,1|0,1,6|0,2,1,6|0,1,6|0,6|0,6|0,6|0,6|0,6|0,6|0,6|0,6|0,6|0,6|0,6|0,6|0,6|0,6|0|0|0,6|0,6|0,6|1|1|1|0,1,6|0,1|0,1|0,1,6|0,1,6|0,1,6|0,1,6|0,6|0,6|0,6|0,6|0,6|0,6|0,6|0,6|0,6|0,6|0,6|0,6|0,6|0|0|0,6|0,6|0,7,6|1|1|1|1|1|1|1|1|1|1|1|1|1|1|1|1|1|1|1|1|1|1|1|1|1|1|1|1|1|1|1|1,3|1|0,6|0,6|0,6|1|1|1,3|1|1|1|0,6|0,6|0,6|1|1|1|1|1,3|1,3|1,3|1|0,6|1|1|1|1|0|0|0|0|0|0|0|0|0|0|0|0|0|0|0|0|0|0|0|0|0|0|0|1|1|0,6|0,6|0,6|0,6|0,6|0|0|0|0|1|1|1|1|1|1|1|1|1|1|1|0,6|0,6|0|0|1|1|1|1|0,6|0,6|0,6|0,6|0,6|0,6|0|0|0,6|0,6|0,6|0,6|0,6|0,6|0,6|0,6|0,6|0,6|0,6|0,6|0,6|0,6|0,6|0|0|0,6|0,6|0,6|0,6|0,6|0,6|0,6|0,6|0,2,6|0,6|0|0|0,2,6|0,6|0,6|0,6|0,6|0,6|0,6|0,6|0,6|0,6|0,6|0,6|0,6|0,6|0,6|0|0|0,6|0,6|0,6|1|1|1|1|0,1,6|0,1,6|0,1|0,1|0,1,6|0,6|0,6|0,6|0,6|0,6|0,6|0,6|0,6|0,6|0,6|0,6|0,6|0,6|0,6|0,6|0,6|0,6|0,6|0,7,6|1|1|1|1|1|1|1|1|1|1|1|1|1|1|1|1|1|1|1|1|1|1|1|1|1|1|1|1|1|1|1|1|1,3|1|0,6|1|1|1|1|1,3|1|1|1|0,6|1|0,6|1|1|1|1|1|1|1,3|1|0,6|1|1|1|1|0|0|0|0|0|0|0|0|0|0|0|0|0|0|0|0|0|0|0|0|0|0|1|1|1|0,6|0,6|1|1|1|1|0|0|0|0,6|1|1|1|1|1|1|1|1|1|1|0,6|0,6|0,6|0,6|1|1|1|1|0,6|0,6|1,3|1,3|1,3|0,6|0,6|0,6|0,6|0,6|1|1|1|0,6|0,6|0,6|0,6|0,6|1,3|1,3|1,3|0,6|0,6|0,6|0,6|0,6|0,6|0,6|0,6|0,6|0,6|0,2,6|0,6|1|1|1|0,6|0,2,6|0,6|0,6|0,2,6|2,6|1|2,6|0,6|0,6|0,6|0,6|0,6|0,6|0,6|0,6|0,6|0,6|0,6|0,6|0,6|1|1|1|1|1|0,6|0,6|0,6|0,6|0,6|0,6|0,6|0,6|0,6|0,6|0,6|0,6|0,6|0,6|0,6|0,6|0,6|0,6|0,6|0,6|0,6|0,6|0,7,6|1|1|1|1|1|1|1|1|1|1|1|1|1|1|1|1|1|1|1|1|1|1|1|1|1|1|1|1|1|1|0,6|0,6|0,3,6|0,6|0,6|1|1|1|1|1,3|1,3|1,3|1|0,6|1|0,6|0,6|4,3,6|1,3|1,4,3|1|1|1,3|1|0,6|0,6|0,6|1|1|0|0|0|0|0|0|0|0|0|0|0|0|0|0|0|0|0|0|0|0|0|1|1|1|1|1|1|1|1|1|1|1|0,1|0,1|0,1,6|0,1,6|0,1,6|0,1,6|0,1,6|0,1,6|0,1,6|0,1,6|0,1,6|0,1,6|0,1,6|0,1,6|0,1,6|0,1,6|0,1,6|3,1,6|0,6|0,3,6|0,1,3,6|0,1,3,6|0,1,3,6|1,3|1|1,3|0,1,3,6|0,1,3,6|0,1,3,6|0,1,3,6|0,1,3,6|1,3|1|1,3|0,1,3,6|0,1,3,6|0,1,3,6|0,1,3,6|0,1,3,6|1,3|1|1,3|0,1,3,6|0,1,3,6|0,1,3,6|0,1,3,6|0,1,3,6|0,1,3,6|0,1,3,6|0,1,3,6|0,1,3,6|0,1,3,6|0,2,1,3,6|0,1,3,6|1,3|1|1,3|0,1,3,6|0,2,1,3,6|0,1,3,6|0,2,1,3,6|0,2,1,3,6|1,3|1,3|1,3|0,3,6|0,3,6|0,3,6|0,3,6|0,3,6|0,3,6|0,3,6|0,3,6|0,3,6|0,3,6|0,3,6|0,3,6|0,3,6|1,3|1,3|1,3|4,3,1,6|0,1,6|0,1,6|0,1,6|0,1,6|0,1,6|0,1,6|0,1,6|0,1,6|0,6|0,6|0,6|0,6|0,6|0,6|0,6|0,6|0,6|0,6|0,6|0,6|0,6|0,6|0,6|0,7,6|1|1|1|1|1|1|1|1|1|1|1|1|1|1|1|1|1|1|1|1|1|1|1|1|1|1|1|1|1|1|0,6|1|1,3|1|0,6|0,6|0,6|0,6|1|1|1|1,3|1|0,6|1|1|1|1|1|1|1|1|1,3|1|1|1|0,6|1|1|0|0|0|0|0|0|0|0|0|0|0|0|0|0|0|0|0|0|0|0|0,6|1|1|1|1|0,6|0,6|1|1|1|1|0|0|0|0,6|1|1|1|1|1|1|1|1|1|1|0,6|0,6|0,6|0,6|1|1|1,3|1|0,6|0,6|1|1|1|0,6|0,6|0,6|0,6|0,6|1,3|1,3|1,3|0,6|0,6|0,6|0,6|0,6|1|1|1|0,6|0,6|0,6|0,6|0,6|0,6|0,6|0,6|0,6|0,6|0,2,6|0,6|1,3|1,3|1,3|0,6|0,2,6|0,6|0,6|0,2,6|2,6|1|2,6|0,2,6|0,6|0,6|0,6|0,6|0,6|0,6|0,6|0,6|0,6|0,6|0,6|0,6|0,6|1|1|1|1|0,1,6|0,1,6|0,1|0,1,6|0,1,6|0,1,6|0,6|0,6|0,6|0,6|0,6|0,6|0,6|0,6|0,6|0,6|0,1,6|0,2,1,6|0,1|0,2,1|0,1|0,2,1|0,1|3,1|4,3,1|1,3|1,5,3|1|1|1|1|1|1|1|1|1|1|1|1|1|1|1|1|1|1|1|1|1|1,4,3|1,3|4,3,6|0,6|0,6|0,6|1|1,3|1|1|1|1|0,6|1|1|1|1,3|1|0,6|1|1|1|1|1|1|1|1|1,3|1|1|1|0,6|1|1|0|0|0|0|0|0|0|0|0|0|0|0|0|0|0|0|0|0|0|0|0,6|1|1|0|0|0|0|0|1|0|0|0|0|0|1|1|1|1|1|1|1|1|1|1|1|0,6|0,6|0,6|0,6|1|1|1,3|1|0,6|0,6|0,6|0,6|0,6|0,6|0,6|0|0,6|0,6|0,6|0,6|0,6|0,6|0,6|0,6|0,6|0,6|0,6|0,6|0,6|0,6|0,6|0,6|0,6|0,6|0,6|0,6|0,6|0,6|0,6|0,2,6|0,6|0,2,6|0,6|0,6|0,6|0,2,6|0,6|0,6|0,2,1,6|0,1,6|0,2,1,6|0,1,6|0,2,1,6|0,1,6|0,6|0,6|0,6|0,6|0,6|0,6|0,6|0,6|0,6|0,6|0,6|0,6|1|1|1|0,6|0,6|0,6|0|0,6|0,6|0,6|0,6|0,6|0,6|0,6|0,6|0,6|0,6|0,6|0,6|0,6|0,6|0,6|0,6|0,6|0,6|0,6|0,7,6|1|1|1|1|1|1|1|1|1|1|1|1|1|1|1|1|1|1|1|1|1|1|1|1|1|1|1|1|1|1|1|1|1,3|1|1|1|1|0,6|0,6|0,6|1|1,3|1|0,6|1|1|1|1,3|1,3|1,3|1,3|1,3|1,3|1|1|1|0,6|1|1|0|0|0|0|0|0|0|0|0|0|0|0|0|0|0|0|0|0|0|0|0,6|1|1|0|1|1|1|1|1|0|0|0|0|0|1|1|1|1|1|1|1|1|1|0,6|0,6|0,6|0,6|0|1|1|1|1,3|1|0,6|0,6|0,6|0,6|0,6|0,6|0,6|0|0,6|0,6|0,6|0,6|0,6|0,6|0,6|0,6|0,6|0,6|0,6|0,6|0,6|0,6|0,6|0,6|0,6|0,6|0,6|0,6|0,6|0,6|0,1,6|0,2,1,6|0,1,6|0,2,1,6|0,1,6|0,1,6|0,6|0,2,6|0,6|0,6|0,6|0,6|0,6|0,6|0,6|0,6|0,6|0,6|0,6|0,6|0,6|0,6|0,6|0,6|0,6|0,6|0,6|0,6|1|1|1|0,1,6|0,1,6|0,1,6|0,1,6|0,6|0,6|0,6|0,6|0,6|0,6|0,6|0,6|0,6|0,6|0,6|0,6|0,6|0,6|0,6|0,6|0,6|0,6|0,6|0,6|0,6|0,6|1|1|1|1|1|1|1|1|1|1|1|1|1|1|1|1|1|1|1|1|1|1|1|1|1|1|1|1|1|1|1,3|1|1|1|1|1|1|0,6|1|1,3|1|0,6|1|1|1|1,3|1|1|1|1|1|1|1|1|0,6|1|1|0|0|0|0|0|0|0|0|0|0|0,1|0,1|0,2,1,6|0,1,6|0,6|0,6|0,6|0|0|0|0,6|1|1|1|1|0|0|0|0|0|0|0|0|0|1|1|1|1|1|1|1|1|0,6|0,6|0,6|0,6|0,6|0|1|1|1|1,3|1|0,6|0,6|0,6|0,6|0,6|0,6|0|0|0,6|0,6|0,6|0,6|0,6|0,6|0,6|0,6|0,6|0,6|0,6|0,6|0,6|0,6|0,6|0|0|0,6|0,6|0,6|0,6|0,6|0,6|0,6|0,6|0,2,6|0,6|0|0|0,6|0,6|0,6|0,6|0,6|0,6|0,6|0,6|0,6|0,6|0,6|0,6|0,6|0,6|0,6|0|0|0,6|0,6|0,6|0,6|1|1|1|1|0,6|0|0|0,6|0,6|0,6|0,6|0,6|0,6|0,6|0,6|0,6|0,6|0,6|0,6|0,6|0,6|0,6|0|0|0,6|0,6|0,6|0,6|0,6|0,6|1|1|1|1|1|1|1|1|1|1|1|1|1|1|1|1|1|1|1|1|1|1|1|1|1|1|1|1|1|1,3|1|1|1|1|1|1|0,6|0,6|0,3,6|0,6|0,6|1|1|1|1,3|1|1|1|1|1|1|1|1|0,6|1|1|0|0|0|0|0|0|0|0|0|0|0|1|1|1|1|1|1|1|0|0|0,6|1|1|1|1|1|1|0|0|0|0|0|0|0|1|1|1|1|1|1|0,6|0,6|0,6|0,6|0,6|0,6|0,6|0,6|0|1|1|1,3|1|0,6|0,6|0,6|0,6|0,6|0|0|0,6|0,6|0,6|0,6|0,6|0,6|0,6|0,6|0,6|0,6|0,6|0,6|0,6|0,6|0,6|0,6|0,6|0|0|0,6|0,6|0,6|0,6|0,6|0,6|0,6|0,2,6|0|0|0,6|0,6|0,6|0,6|0,6|0,6|0,6|0,6|0,6|0,6|0,6|0,6|0,6|0,6|0,6|0,6|0,6|0|0|0,6|0,6|0,6|1|1|1|1|0,1|0,1|0,1,6|0,6|0,6|0,6|0,6|0,6|0,6|0,6|0,6|0,6|0,6|0,6|0,6|0,6|0,6|0,6|0,6|0|0|0,6|0,6|0,6|0,6|0,6|1|1|1|1|1|1|1|1|1|1|1|1|1|1|1|1|1|1|1|1|1|1|1|1|1|1|1|1|1|1,3|1|1|1|1|1|1|0,6|1|1,3|1|0,6|0,6|0,6|0,6|0,3,6|0,6|0,6|1|1|1|1|1|1|0,6|1|1|0|0|0|0|0|0|0|0|0|0|0|1|1|1|1|1|1|1|0|0|0,6|1|1,3|1,3|1,3|4,3|0|0|0|0|0|0|0|0|1|1|1|1|1|0,6|0,6|0,6|0,6|0,6|0,6|0,6|0,6|0,6|0,6|0|1|1,3|1|0,6|0,6|0,6|0,6|0|0|0,6|0,6|0,6|0,6|0,6|0,6|0,6|0,6|0,6|0,6|0,6|0,6|0,6|0,6|0,6|0,6|0,6|0,6|0,6|0|0|0,6|0,6|0,6|0,6|0,6|0,6|0|0|0,6|0,6|0,6|0,6|0,6|0,6|0,6|0,6|0,6|0,6|0,6|0,6|0,6|0,6|0,6|0,6|0,6|0,6|0,6|0|0|0,6|0,6|1|1|1|0,1|0,1|0,1,6|0,1,6|0,1,6|0,1,6|0,1,6|0,6|0,6|0,6|0,6|0,6|0,6|0,6|0,6|0,6|0,6|0,6|0,6|0,6|0,6|0|0|0,6|0,6|0,6|0,6|1|1|1|1|1|1|1|1|1|1|1|1|1|1|1|1|1|1|1|1|1|1|1|1|1|1|1|1|1|1,3|1|1|1|1|1|1|0,6|1|1,3|1|0,6|1|1|1|1,3|1|0,6|1|1|1|1|1|1|0,6|0,6|0,6|0|0|0|0|0|0|0|0|0|0|0|1|1|1|1|1|1|1|1|1|1|1|1,3|1|1|1|1|0|0|0|0,6|0,6|0,6|0,6|1|1|1|1|1|0,6|0,6|0,6|0,6|0,6|0,6|0,6|0,6|0,6|0,6|0,6|1|1,3|1|0,6|0,6|0,6|0|0|0,6|0,6|0,6|0,6|0,6|0,6|0,6|0,6|0,6|0,6|0,6|0,6|0,6|0,6|0,6|0,6|0,6|0,6|0,6|0,6|0,6|0|0|0,6|0,6|0,6|0,6|0|0|0,6|0,6|0,6|0,6|0,6|0,6|0,6|0,6|0,6|0,6|0,6|0,6|0,6|0,6|0,6|0,6|0,6|0,6|0,6|0,6|0,6|0|0|0,6|1|1|1|0|0,6|0,6|0,6|0,6|0,6|0,6|0,6|0,6|0,6|0,6|0,6|0,6|0,6|0,6|0,6|0,6|0,6|0,6|0,6|0,6|0,6|0|0|0,6|0,6|0,6|1|1|1|1|1|1|1|1|1|1|1|1|1|1|1|1|1|1|1|1|1|1|1|1|1|1|1|1|1|1,3|1|1|1|0,6|0,6|0,6|0,6|1|1,3|1|0,6|1|1|1|1,3|1|0,6|1|1|1|1|1|1|0,6|1|1|0|0|0|0|0|0|0|0|0|0|0|0,6|1|1|1|1|1|1|0|0|0,6|1|1,3|1|1|0,6|0,6|0,6|0,6|0,6|0,6|0,6|0,6|0,6|1|1|1|1|1|0,6|0,6|0,6|0,6|0,6|0,6|0,6|0,6|0,6|0,6|0,6|1|1,3|1|0,6|0|0,6|0|0,6|0,6|0,6|0,6|0,6|0,6|0,6|0,6|0,6|0,6|0,6|0,6|0,6|0,6|0,6|0,6|0,6|0,6|0,6|0,6|0,6|0,6|0,6|0|0,6|0,6|0,6|0,6|0|0,6|0,6|0,6|0,6|0,6|0,6|0,6|0,6|0,6|0,6|0,6|0,6|0,6|0,6|0,6|0,6|0,6|0,6|0,6|0,6|0,6|0,6|0,6|0|0,6|1|1|1|0,1,6|0,6|0,6|0,6|0,6|0,6|0,6|0,6|0,6|0,6|0,6|0,6|0,6|0,6|0,6|0,6|0,6|0,6|0,6|0,6|0,6|0,6|0,6|0|0,6|0,6|0,6|1|1|1|1|1|1|1|1|1|1|1|1|1|1|1|1|1|1|1|1|1|1|1|1|1|1|1|1|1|1,3|1|1|1|0,6|1|1|1|1|1,3|1|0,6|1|1|1|1,3|1|0,6|1|1|1|1|0,6|0,6|0,6|1|1|0|0|0|0|0|0|0|0|0|0|0|0,6|1|1|1|1|1|1|1|1|1|1|1,3|1|0,6|0,6|0,6|0,6|0,6|0,6|1|1|0,6|0,6|1|1|1|1|1|0,6|0,6|0,6|0,6|0,6|0,6|0,6|0,6|0,6|0,6|0,6|1|1,3|1|0,6|0,6|0,6|0,6|0,6|0,6|0,6|0,6|0,6|0,6|0,6|0,6|0,6|0,6|0,6|0,6|0,6|0,6|0,6|0,6|0,6|0,6|0,6|0,6|0,6|0,6|0,6|0,6|0,6|0,6|0,6|0,6|0,6|0,6|0,6|0,6|0,6|0,6|0,6|0,6|0,6|0,6|0,6|0,6|0,6|0,6|0,6|0,6|0,6|0,6|0,6|0,6|0,6|0,6|0,6|0,6|0,6|1|1|1|1|0,1,6|0,1,6|0,1,6|0,6|0,6|0,6|0,6|0,6|0,6|0,6|0,6|0,6|0,6|0,6|0,6|0,6|0,6|0,6|0,6|0,6|0,6|0,6|0,6|0,6|0,6|0,6|0,6|2,6|1|1|1|1|1|1|1|1|1|1|1|1|1|1|1|1|1|1|1|1|1|1|1|1|1|1|1|1|1,3|1,3|1,3|1|0,6|1|1|1|1|1,3|1|0,6|1|1|1|1,3|1|0,6|1|1|1|1|0,6|1|1|1|1|0|0|0|0|0|0|0|0|0|0|0|0,6|1|1|1|1|1|1|0|0,6|0,6|1|1,3|1|0,6|0,6|0,6|0,6|0,6|0,6|1|1|0,6|0,6|1|1|1|1|1|1|1|1|1|1|0,6|0,6|0,6|0,6|1|1|1|1,3|1|0,6|0,6|0,6|0,6|0,6|0,6|0,6|0,6|0,6|0,6|0,6|0,6|0,6|0,6|0,6|0,6|0,6|0,6|0,6|0,6|0,6|0,6|0,6|0,6|0,6|0,6|0,6|0,6|0,6|0,6|0,6|0,6|0,6|0,6|0,6|0,6|0,6|0,6|0,6|0,6|0,6|0,6|0,6|0,6|0,6|0,6|0,6|0,6|0,6|0,6|0,6|0,6|0,6|0,6|0,6|0,6|0,6|1|1|1|1|0,6|0,6|0,6|0,6|0,6|0,6|0,6|0,6|0,6|0,6|0,6|0,6|0,6|0,6|0,6|0,6|0,6|0,6|0,6|0,6|0,6|0,6|0,6|0,6|0,6|0,6|0,6|0,6|1|1|1|1|1|1|1|1|1|1|1|1|1|1|1|1|1|1|1|1|1|1|1|1|1|1|1|1|1|1|1,3|1,3|0,6|1|1|1|1|1,3|1|0,6|1|1|1|1,3|1|0,6|1|1|1|1|0,6|1|1|1|1|0|0|0|0|0|0|0|0|0|0|0|0,6|0,6|0,6|1|1|1|1|0|0|0|1|1,3|1|1|1|1|1|1|1|1|1|1|1|1|1|1|1|1|1|1|1|1|1|1|0,6|0,6|0,6|0,6|0,6|4,3,6|1,3|1|0,6|0,6|0,6|0,6|0,6|0,6|0,6|0,6|0,6|0,6|0,6|0,6|0,6|0,6|0,6|0,6|0,6|0,6|0,6|0,6|0,6|0,6|0,6|0,6|0,6|0,6|0,6|0,6|0,6|0,6|0,6|0,6|0,6|0,6|0,6|0,6|0,6|0,6|0,6|0,6|0,6|0,6|0,6|0,6|0,6|0,6|0,6|0,6|0,6|0,6|0,6|0,6|0,6|0,6|0,6|0,6|0,6|1|1|1|1|0,1,6|0,1,6|0,1,6|0,1,6|0,1,6|0,6|0,6|0,6|0,6|0,6|0,6|0,6|0,6|0,6|0,6|0,6|0,6|0,6|0,6|0,6|0,6|0,6|0,6|0,6|0,6|0,6|0,6|0,6|2,6|1|1|1|1|1|1|0,6|0,6|0,6|0,6|0,6|0,6|0,6|0,6|0,6|0,6|0,6|0,6|0,6|0,6|0,6|2,6|1|1|1|1|1|1|1|1|1,3|0,6|1|1|1|1|1,3|1|0,6|1|1|1|1,3|1|0,6|1|1|1|0,6|0,6|1|1|1|1|0|0|0|0|0|0|0|0|0|0|0|0|0,6|0,6|0,1,6|0,2,1,6|0,1,6|0,2,1|0,1|0|1|1|1,3|1,3|1,3|1,3|1,3|1,3|1,3|1,3|1|1|1|1|1|1|1|1|1|1|1|1|1|0,6|0,6|0,6|0,6|0,6|0,6|1|1|1|1|0,6|0,6|0,6|0,6|0,6|0,6|0,6|0,6|0,6|0,6|0,6|0,6|0,6|0,6|0,6|0,6|0,6|0,6|0,6|0,6|0,6|0,6|0,6|0,6|0,6|0,6|0,6|0,6|0,6|0,6|0,6|0,6|0,6|0,6|0,6|0,6|0,6|0,6|0,6|0,6|0,6|0,6|0,6|0,6|0,6|0,6|0,6|0,6|0,6|0,6|0,6|0,6|0,6|0,6|0,6|0,6|0,6|1|1|1|1|0,6|0,6|0,6|0,6|0,6|0,6|0,6|0,6|0,6|0,6|0,6|0,6|0,6|0,6|0,6|0,6|0,6|0,6|0,6|0,6|0,6|0,6|0,6|0,6|0,6|0,6|0,6|0,6|0,6|0,6|0,6|0,6|2,6|1|1|0,6|0,6|0,6|0,6|0,6|0,6|0,6|0,6|0,6|0,6|0,6|0,6|0,6|0,6|0,6|0,6|0,6|1|1|1|1|1|0,6|0,6|0,3,6|0,6|0,6|0,6|0,6|1|1,3|1|0,6|1|1|1|1,3|1|0,6|1|1|1|0,6|1|1|1|1|1|0|0|0|0|0|0|0|0|0|0|0|0|0|0|0|0|0|0|0|1|1|1|1|1|1|1|1|1|1|1,3|1|1|1|1|1|1|1|1|1|0,6|0,6|0,6|0,6|0,6|0,6|0,6|0,6|0,6|0,6|0,6|1|1|1|0,6|0,6|0,6|0,6|0,6|0,6|0,6|0,6|0,6|0,6|0,6|0,6|0,6|0,6|0,6|0,6|0,6|0,6|0,6|0,6|0,6|0,6|0,6|0,6|0,6|0,6|0,6|0,6|0,6|0,6|0,6|0,6|0,6|0,6|0,6|0,6|0,6|0,6|0,6|0,6|0,6|0,6|0,6|0,6|0,6|0,6|0,6|0,6|0,6|0,6|0,6|0,6|0,6|0,6|0,6|0,6|0,6|0,6|1|1|1|1|0,6|0,6|0,6|0,6|0,6|0,6|0,6|0,6|0,6|0,6|0,6|0,6|0,6|0,6|0,6|0,6|0,6|0,6|0,6|0,6|0,6|0,6|0,6|0,6|0,6|0,6|0,6|0,6|0,6|0,6|0,6|0,6|0,6|0,6|0,6|0,6|0,6|0,6|0,6|0,6|0,6|0,6|0,6|0,6|0,6|0,6|0,6|0,6|0,6|0,6|0,6|0,6|1|1|1|1|0,6|1|1,3|1|1|1|0,6|1|1,3|1|0,6|1|1|1|1,3|1|0,6|1|1|1|0,6|1|1|1|1|1|0|0|0|0|0|0|0|0|0|0|0|0|0|0|0|0|0|0|0|1|1|1|1|1|1|1|1|1|1|1,3|1,3|1|1|1|1|1|1|1|1|1|1|1|0,6|0,6|0,6|0,6|1|1|1|1|1|1|1|0,6|0,6|0,6|0,6|0,6|0,6|0,6|0,6|0,6|0,6|0,6|0,6|0,6|0,6|0,6|0,6|0,6|0,6|0,6|0,6|0,6|0,6|0,6|0,6|0,6|0,6|0,6|0,6|0,6|0,6|0,6|0,6|0,6|0,6|0,6|0,6|0,6|0,6|0,6|0,6|0,6|0,6|0,6|0,6|0,6|0,6|0,6|0,6|0,6|0,6|0,6|0,6|0,6|0,6|0,6|0,6|0,6|0,6|1|1|1|1|0,6|0,6|0,6|0,6|0,6|0,6|0,6|0,6|0,6|0,6|0,6|0,6|0,6|0,6|0,6|0,6|0,6|0,6|0,6|0,6|0,6|0,6|0,6|0,6|0,6|0,6|0,6|0,6|0,6|0,6|0,6|0,6|0,6|0,6|0,6|0,6|0,6|0,6|0,6|0,6|0,6|0,6|0,6|0,6|0,6|0,6|0,6|0,6|0,6|0,6|0,6|0,6|1|1|1|1|0,6|1|1,3|1|1|1|0,6|1|4,3,6|1|0,6|1|1|1|1,3|1,3|0,3,6|1,3|1,3|1|0,6|1|1|1|1|1|0|0|0|0|0|0|0|0|0|0|0|0|0|0|0|0|0|0|0|0|1|1|1|0,6|0,6|0,6|0,6|0,6|0,6|0,6|1,3|1,3|1,3|1|1|1|1|1|1|1|1|1|1|0,6|0,6|0,6|0,6|0,6|4,3,6|1,3|1,3|1,3|1|0,6|0,6|0,6|0,6|0,6|0,6|0,6|0,6|0,6|0,6|0,6|0,6|0,6|0,6|0,6|0,6|0,6|0,6|0,6|0,6|0,6|0,6|0,6|0,6|0,6|0,6|0,6|0,6|0,6|0,6|0,6|0,6|0,6|0,6|0,6|0,6|0,6|0,6|0,6|0,6|0,6|0,6|0,6|0,6|0,6|0,6|0,6|0,6|0,6|0,6|0,6|0,6|0,6|0,6|0,6|0,6|0,6|0,6|1|1|1|0,1,6|0,1,6|0,1,6|0,6|0,6|0,6|0,6|0,6|0,6|0,6|0,6|0,6|0,6|0,6|0,6|0,6|0,6|0,6|0,6|0,6|0,6|0,6|0,6|0,6|0,6|0,6|0,6|0,6|0,6|0,6|0,6|0,6|0,6|0,6|0,6|0,6|0,6|0,6|0,6|0,6|0,6|0,6|0,6|0,6|0,6|0,6|0,6|0,6|0,6|0,6|0,6|0,6|0,6|0,6|0,6|3,6|0,6|0,6|1|1,3|1|1|1|0,6|1|0,6|1|0,6|1|1|1|1|1|0,6|1|1,3|1|0,6|1|1|1|1|1|0|0|0|0|0|0|0|0|0|0|0|0|0|0|0|0|0|0|0|0|1|1|1|0|0|0|0|0,6|0,6|0,6|0,6|0,6|1,3|1,3|1|1|1|1|1|1|1|0,6|0,6|0,6|0,6|0,6|0,6|1|1|1|1|1,3|1|0,6|0,6|0,6|0,6|0,6|0,6|0,6|0,6|0,6|0,6|0,6|0,6|0,6|0,6|0,6|0,6|0,6|0,6|0,6|0,6|0,6|0,6|0,6|0,6|0,6|0,6|0,6|0,6|0,6|0,6|0,6|0,6|0,6|0,6|0,6|0,6|0,6|0,6|0,6|0,6|0,6|0,6|0,6|0,6|0,6|0,6|0,6|0,6|0,6|0,6|0,6|0,6|0,6|0,6|0,6|0,6|0,6|0,6|0,6|1|1|0,6|0,6|0,6|0,6|0,6|0,6|0,6|0,6|0,6|0,6|0,6|0,6|0,6|0,6|0,6|0,6|0,6|0,6|0,6|0,6|0,6|0,6|0,6|0,6|0,6|0,6|0,6|0,6|0,6|0,6|0,6|0,6|0,6|0,6|0,6|0,6|0,6|0,6|0,6|0,6|0,6|0,6|0,6|0,6|0,6|0,6|0,6|0,6|0,6|0,6|0,6|0,6|0,6|0,6|0,6|1|1|1|1|1,3|1|1|1|0,6|1|0,6|1|0,6|1|1|1|1|1|0,6|1|1,3|1|0,6|1|1|1|1|1|0|0|0|0|0|0|0|0|0|0|0|0|0|0|0|0|0|0|0|0|0,2|1|1|0,1|0,1|0,1|0,1|1|1|1|1|1|1|1,3|1|1|1|1|1|0,6|0,6|0,6|1|1|1|0,6|0,6|0,6|0,6|0,6|1|1,3|1|0,6|0,6|0,6|0,6|0,6|0,6|0,6|0,6|0,6|0,6|0,6|0,6|0,6|0,6|0,6|0,6|0,6|1|1|1|0,6|0,6|0,6|0,6|0,6|0,6|0,6|0,6|0,6|0,6|0,6|0,6|0,6|0,6|0,6|0,6|0,6|0,6|0,6|0,6|0,6|1|1|1|0,6|0,6|0,6|0,6|0,6|0,6|0,6|0,6|0,6|0,6|0,6|0,6|0,6|0,6|0,6|1|1|0,6|0,6|0,6|0,6|0,6|0,6|0,6|0,6|0,6|0,6|0,6|0,6|0,6|1|1|1|0,6|0,6|0,6|0,6|0,6|0,6|0,6|0,6|0,6|0,6|0,6|0,6|0,6|0,6|0,6|0,6|0,6|0,6|0,6|0,6|0,6|0,6|0,6|1|1|1|0,6|0,6|0,6|0,6|0,6|0,6|0,6|0,6|0,6|0,6|0,6|0,6|0,6|1|1|1|1|1,3|1|1|1|0,6|0,6|0,6|0,6|0,6|1|1|1|1|1|0,6|1|1,3|1|0,6|1|1|1|1|1|0|0|0|0|0|0|0|0|0|0|0|0|0|0|0|0|0|0|0,1|0,1|0,2,1|0,1|0|0|0|0,7|1|1|1|1|1|1|1|1,3|1|1|1|1|1|0,1,6|0,1,6|0,1,6|1|1|1|0,1,6|0,1,6|0,1,6|0,1,6|0,1,6|0,1,6|0,1,3,6|0,1,6|0,1,6|0,1,6|0,1,6|0,1,6|0,1,6|0,1,6|0,1,6|0,1,6|0,1,6|0,1,6|0,1,6|0,1,6|0,1,6|0,1,6|0,1,6|0,1,6|0,1,6|1|1|1|0,1,6|0,1,6|0,1,6|0,1,6|0,1,6|0,1,6|0,1,6|0,1,6|0,1,6|0,1,6|0,1,6|0,1,6|0,1,6|0,1,6|0,1,6|0,1,6|0,1,6|0,1,6|0,1,6|0,1,6|0,1,6|1|1|1|0,1,6|0,1,6|0,1,6|0,1,6|0,1,6|0,1,6|0,1,6|0,1,6|0,1,6|0,1,6|0,1,6|0,1,6|0,1,6|0,1,6|0,1,6|1|0,1,6|0,1,6|0,1,6|0,1,6|0,1,6|0,1,6|0,1,6|0,1,6|0,1,6|0,1,6|0,1,6|0,1,6|0,1,6|0,1,6|1|1|1|0,1,6|0,1,6|0,1,6|0,1,6|0,1,6|0,1,6|0,1,6|0,1,6|0,1,6|0,1,6|0,1,6|0,1,6|0,1,6|0,1,6|0,1,6|0,1,6|0,1,6|0,1,6|0,1,6|0,1,6|0,1,6|0,1,6|0,1,6|1|1|1|0,1,6|0,1,6|0,1,6|0,1,6|0,1,6|0,1,6|0,1,6|0,1,6|0,1,6|0,1,6|0,1,6|0,1,6|0,1,6|1|1|1|1|1,3|1,3|1|1|1|1|1|1|1|1|1|1|0,6|0,6|0,6|1|1,3|1|0,6|1|1|1|1|1|0|0|0|0|0|0|0|0|0|0|0|0|0|0|0|0|0|0|0|0|0|0|0|0|0|0,7|1|1|1|1|1|1|1|1,3|1|1|1|1|1|0,6|0,6|0,6|1|1|1|0,6|0,6|0,6|0,6|0,6|1|1,3|1|0,6|0,6|0,6|0,6|0,6|0,6|0,6|0,6|0,6|0,6|0,6|0,6|0,6|0,6|0,6|0,6|0,6|1|1|1|0,6|0,6|0,6|0,6|0,6|0,6|0,6|0,6|0,6|0,6|0,6|0,6|0,6|0,6|0,6|0,6|0,6|0,6|0,6|0,6|0,6|1|1|1|0,6|0,6|0,6|0,6|0,6|0,6|0,6|0,6|0,6|0,6|0,6|0,6|0,6|0,6|0,6|0,2,6|0,6|0,6|0,6|0,6|0,6|0,6|0,6|0,6|0,6|0,6|0,6|0,6|0,6|0,6|1|1|1|0,6|0,6|0,6|0,6|0,6|0,6|0,6|0,6|0,6|0,6|0,6|0,6|0,6|0,6|0,6|0,6|0,6|0,6|0,6|0,6|0,6|0,6|0,6|1|1|1|0,6|0,6|0,6|0,6|0,6|0,6|0,6|0,6|0,6|0,6|0,6|0,6|0,6|1|1|1|1|1|1,3|1|1|1|1|1|1|1|1|1|1|0,6|1|1|1|1,3|1|0,6|1|1|1|1|1|0|0|0|0|0|0|0|0|0|0|0|0|0|0|0|0|0|0|0|0|0|0|0|0,1|0,1,7|1|1|1|1|1|1|1|1|1,3|1|1|1|1|1|0,6|0,6|0,6|0,6|0,6|0,6|0,6|0,6|0,6|0,6|0,6|1|1,3|1|0,6|0,6|0,6|0,6|0,6|0,6|0,6|0,6|0,6|0,6|0,6|0,6|0,6|0,6|0,6|0,6|0,6|0,6|0,6|0,6|0,6|0,6|0,6|0,6|0,6|0,6|0,6|0,6|0,6|0,6|0,6|0,6|0,6|0,6|0,6|0,6|0,6|0,6|0,6|0,6|0,6|0,6|0,6|0,6|0,6|0,6|0,6|0,6|0,6|0,6|0,6|0,6|0,6|0,6|0,6|0,6|0,6|0,1,6|0,1,6|0,2,1,6|0,1,6|0,1,6|0,1,6|0,6|0,6|0,6|0,6|0,6|0,6|0,6|0,6|0,6|0,6|0,6|0,6|0,6|0,6|0,6|0,6|0,6|0,6|0,6|0,6|0,6|0,6|0,6|0,6|0,6|0,6|0,6|0,6|0,6|0,6|0,6|0,6|0,6|0,6|0,6|0,6|0,6|0,6|0,6|0,6|0,6|0,6|0,6|0,6|0,6|0,6|0,6|0,6|0,6|0,6|0,6|0,6|1|1|1|1|1|0,6|0,3,6|0,6|1|1|1|1|1|1|1|1|1|0,6|1|1|1|1,3|1|0,6|0,6|0,6|0,6|0,6|0,6|0|0|0|0|0|0|0|0|0|0|0|0|0|0|0|0|0|0|0|0|0|0|0|0|0,7|1|1|1|1|1|1|1|1|1,3|1|1|1|1|1|1|1|1|1|1|1|0,6|0,6|0,6|0,6|0,6|1|1,3|1|0,6|0,6|0,6|0,6|0,6|0,6|0,6|0,6|0,6|0,6|0,6|0,6|0,6|0,6|0,6|0,6|0,6|0,6|0,6|0,6|0,6|0,6|0,6|0,6|0,6|0,6|0,6|0,6|0,6|0,6|0,6|0,6|0,6|0,6|0,6|0,6|0,6|0,6|0,6|0,6|0,6|0,6|0,6|0,6|0,6|0,6|0,6|0,6|0,6|0,6|0,6|0,6|0,6|0,6|0,6|0,6|0,6|0,6|0,6|0,6|0,6|0,6|0,6|0,6|0,6|0,6|0,6|0,6|0,6|0,6|0,6|0,6|0,6|0,6|0,6|0,6|0,6|0,6|0,6|0,6|0,6|0,6|0,6|0,6|0,6|0,6|0,6|0,6|0,6|0,6|0,6|0,6|0,6|0,6|0,6|0,6|0,6|0,6|0,6|0,6|0,6|0,6|0,6|0,6|0,6|0,6|0,6|0,6|0,6|0,6|0,6|0,6|0,6|0,6|0,6|1|1|1|1|1|0,6|1,3|0,6|1|1|1|1|1|1|1|1|1|0,6|1|1|1|1,3|1|0,6|1|1|1|0,6|1|0|0|0|0|0|0|0|0|0|0|0|0|0|0|0|0|0|0|0|0|0|0|0|0|0,7|1|1|1|1|1|1|1|1|1,3|1|1|1|1|1|1|1|1|1|1|1|0,6|0,6|0,6|0,6|0,6|1|1,3|1|0,6|0,6|0,6|0,6|0,6|0,6|0,6|0,6|0,6|0,6|0,6|0,6|0,6|0,6|0,6|0,6|0,6|0,6|0,6|0,6|0,6|0,6|0,6|0,6|0,6|0,6|0,6|0,6|0,6|0,6|0,6|0,6|0,6|0,6|0,6|0,6|0,6|0,6|0,6|0,6|0,6|0,6|0,6|0,6|0,6|0,6|0,6|0,6|0,6|0,6|0,6|0,6|0,6|0,6|0,6|0,6|0,6|0,6|0,6|0,6|0,6|0,6|0,6|0,6|0,6|0,6|0,6|0,6|0,6|0,6|0,6|0,6|0,6|0,6|0,6|0,6|0,6|0,6|0,6|0,6|0,6|0,6|0,6|0,6|0,6|0,6|0,6|0,6|0,6|0,6|0,6|0,6|0,6|0,6|0,6|0,6|0,6|0,6|0,6|0,6|0,6|0,6|0,6|0,6|0,6|0,6|0,6|0,6|0,6|0,6|0,6|0,6|0,6|0,6|1|1|1|1|1|1|0,6|1,3|0,6|0,6|0,6|0,6|1|1|1|1|0,6|0,6|0,6|1|1|1,3|1,3|1|0,6|1|1|1|0,6|1|0|0|0|0|0|0|0|0|0|0|0|0|0|0|0|0|0|0|0|0|0|0|0|0|0|0|0|0|0|0|0|4,3,6|1,3|1,3|1|1|1|1|1|0,6|0,6|0,6|0,6|1|1|0,6|0,6|0,6|0,6|0,6|1|1,3|1|0,6|0,6|0,6|0,6|0,6|0,6|0,6|0,6|0,6|0,6|0,6|0,6|0,6|0,6|0,6|0,6|0,6|0,6|0,6|0,6|0,6|0,6|0,6|0,6|0,6|0,6|0,6|0,6|0,6|0,6|0,6|0,6|0,6|0,6|0,6|0,6|0,6|0,6|0,6|0,6|0,6|0,6|0,6|0,6|0,6|0,6|0,6|0,6|0,6|0,6|0,6|0,6|0,6|0,6|0,6|0,6|0,6|0,6|0,6|0,6|0,6|0,6|0,6|0,6|0,6|0,6|0,6|0,6|0,6|0,6|0,6|0,6|0,6|0,6|0,6|0,6|0,6|0,6|0,6|0,6|0,6|0,6|0,6|0,6|0,6|0,6|0,6|0,6|0,6|0,6|0,6|0,6|0,6|0,6|0,6|0,6|0,6|0,6|0,6|0,6|0,6|0,6|0,6|0,6|0,6|0,6|0,6|0,6|0,6|0,6|0,6|0,6|0,6|0,6|1|1|1|1|1|1|0,6|1,3|1|1|1|0,6|1|1|1|1|0,6|1|1|1|1|1,3|1|1|0,6|1|1|1|0,6|1|0|0|0|0|0|0|0|0|0|0|0|0|0|0|0|0|0|0|0|0|0|0|0|0|0|0|1|1|1|1|1|1|1|1|1|1|1|1|1|1|1|1|0,6|1|1|0,6|0,6|0,6|0,6|0,6|1|1,3|1|0,6|0,6|0,6|0,6|0,6|1|1|1|0,6|0,6|0,6|0,6|0,6|0,6|0,6|0,6|0,6|0,6|0,6|0,6|0,6|0,6|0,6|0,6|0,6|0,6|0,6|0,6|1|1|1|0,6|0,6|0,6|0,6|0,6|0,6|0,6|0,6|0,6|0,6|0,6|0,6|0,6|0,6|0,6|0,6|0,6|0,6|0,6|0,6|0,6|0,6|0,6|0,6|1|1|1|0,6|0,6|0,6|0,6|0,6|0,6|0,6|0,6|0,6|0,6|0,6|0,6|0,6|0,6|0,6|0,6|0,6|0,6|0,6|0,6|0,6|0,6|0,6|0,6|0,6|0,6|0,6|0,6|0,6|0,6|1|1|1|0,6|0,6|0,6|0,6|0,6|0,6|0,6|0,6|0,6|0,6|0,6|0,6|0,6|0,6|0,6|0,6|0,6|0,6|0,6|0,6|0,6|0,6|0,6|0,6|1|1|1|1|1|0,6|1,3|1|1|1|0,6|1|1|1|1|0,6|1|1|1|1|1,3|1|1|0,6|1|1|1|0,6|1|0|0|0|0|0|0|0|0|0|0|0|0|0|0|0|0|0|0|0|0|0|0|0|0|0|0|1|1|1|1|1|1|1|1|1|1|1|1|1|1|1|1|0,1,6|1|1|0,1,6|0,1,6|0,1,6|0,1,6|0,1,6|0,1,6|0,1,3,6|0,1,6|0,1,6|0,1,6|0,1,6|0,1,6|0,1,6|1|1|1|0,1,6|0,1,6|0,1,6|0,1,6|0,1,6|0,1,6|0,1,6|0,1,6|0,1,6|0,1,6|0,1,6|0,1,6|0,1,6|0,1,6|0,1,6|0,1,6|0,1,6|0,1,6|0,1,6|0,1,6|1|1|1|0,1,6|0,1,6|0,1,6|0,1,6|0,1,6|0,1,6|0,1,6|0,1,6|0,1,6|0,1,6|0,1,6|0,1,6|0,1,6|0,1,6|0,1,6|0,1,6|0,1,6|0,1,6|0,1,6|0,1,6|0,1,6|0,1,6|0,1,6|0,1,6|1|1|1|0,1,6|0,1,6|0,1,6|0,1,6|0,1,6|0,1,6|0,1,6|0,1,6|0,1,6|0,1,6|0,1,6|0,1,6|0,1,6|0,1,6|0,1,6|0,1,6|0,1,6|0,1,6|0,1,6|0,1,6|0,1,6|0,1,6|0,1,6|0,1,6|0,1,6|0,1,6|0,1,6|0,1,6|0,1,6|0,1,6|1|1|1|0,1,6|0,1,6|0,1,6|0,1,6|0,1,6|0,1,6|0,1,6|0,1,6|0,1,6|0,1,6|0,1,6|0,1,6|0,1,6|0,1,6|0,1,6|0,1,6|0,1,6|0,1,6|0,1,6|0,1,6|0,1,6|0,1,6|0,1,6|0,1,6|0,1,6|1|1|1|1|0,6|1,3|1,3|1,3|1|0,6|1|1|1|1|0,6|0,6|4,3,6|1,3|1,3|1,3|1|1|0,6|1|1|1|0,6|1|0|0|0|0|0|0|0|0|0|0|0|0|0|0|0|0|0|0|0|0|0|0|0|0|0|0,1|0,1|0,2,1,6|0,1,6|0,1,6|1|1|1|1|1|1|1|1|1|0,6|1|1|0,6|1|1|0,6|0,6|0,6|0,6|0,6|1|1,3|1|0,6|0,6|0,6|0,6|0,6|1|1|1|0,6|0,6|0,6|0,6|0,6|0,6|0,6|0,6|0,6|0,6|0,6|0,6|0,6|0,6|0,6|0,6|0,6|0,6|0,6|0,6|1|1|1|0,6|0,6|0,6|0,6|0,6|0,6|0,6|0,6|0,6|0,6|0,6|0,6|0,6|0,6|0,6|0,6|0,6|0,6|0,6|0,6|0,6|0,6|0,6|0,6|1|1|1|0,6|0,6|0,6|0,6|0,6|0,6|0,6|0,6|0,6|0,6|0,6|0,6|0,6|0,6|0,6|0,6|0,6|0,6|0,6|0,6|0,6|0,6|0,6|0,6|0,6|0,6|0,6|0,6|0,6|0,6|1|1|1|0,6|0,6|0,6|0,6|0,6|0,6|0,6|0,6|0,6|0,6|0,6|0,6|0,6|0,6|0,6|0,6|0,6|0,6|0,6|0,6|0,6|0,6|0,6|0,6|0,6|1|1|1|1|0,6|1|1|1,3|1|0,6|1|1|1|1|0,6|1|1|1|1|1|1|1|1|1|1|1|0,6|1|0|0|0|0|0|0|0|0|0|0|0|0|0|0|0|0|0|0|0|0|0|0|0|0|0|0|0|0|0,6|0,6|1|1|1|1|1|1|1|1|1|0,6|1|1|0,6|1|1|0,6|1|0,6|1|0,6|1|1,3|1|0,6|0,6|0,6|0,6|0,6|0,6|0,6|0,6|0,6|0,6|0,6|0,6|0,6|0,6|0,6|0,6|0,6|0,6|0,6|0,6|0,6|0,6|0,6|0,6|1|0,6|1|0,6|0,6|0,6|0,6|0,6|0,6|0,6|0,6|0,6|0,6|0,6|0,6|0,6|0,6|0,6|0,6|0,6|0,6|0,6|0,6|0,6|0,6|0,6|0,6|0,6|0,6|0,6|0,6|0,6|0,6|0,6|0,6|0,6|0,6|0,6|0,6|0,6|0,6|0,6|0,6|0,6|0,6|0,6|0,6|0,6|0,6|0,6|0,6|0,6|0,6|0,6|0,6|0,6|0,6|0,6|0,6|0,6|0,6|0,6|0,6|0,6|0,6|0,6|0,6|0,6|0,6|0,6|0,6|0,6|0,6|0,6|0,6|0,6|0,6|0,6|0,6|0,6|0,6|0,6|0,6|0,6|0,6|0,6|0,6|0,6|0,6|0,6|0,6|0,6|3,6|0,6|0,6|0,6|0,6|1|1|1,3|1|0,6|0,6|0,6|0,6|0,6|0,6|1|1|1|1|1|1|1|1|1|1|0,6|0,6|1|0|0|0|0|0|0|0|0|0|0|0|0|0|0|0|0|0|0|0|0|0|0|0,6|0,6|0,6|0,6|0,6|0,6|0,6|0,6|1|1|1|1|1|1|1|1|1|1|1|1|0,6|1|1|1|1|0,6|1|1|1|1,3|1|0,6|0,6|0,6|0,6|0,6|0,6|0,6|0,6|0,6|0,6|0,6|0,6|0,6|0,6|0,6|0,6|0,6|0,6|0,6|0,6|0,6|0,6|0,6|1|1|4,3,6|1|1|0,6|0,6|0,6|0,6|0,6|0,6|0,6|0,6|0,6|0,6|0,6|0,6|0,6|0,6|0,6|0,6|0,6|0,6|0,6|0,6|0,6|0,6|0,6|0,6|0,6|0,6|0,6|0,6|0,6|0,6|0,6|0,6|0,6|0,6|0,6|0,6|0,6|0,6|0,6|0,6|0,6|0,6|0,6|0,6|1|1|1|0,6|0,6|0,6|0,6|0,6|0,6|0,6|0,6|0,6|0,6|0,6|0,6|0,6|0,6|0,6|0,6|0,6|0,6|0,6|0,6|0,6|0,6|0,6|0,6|0,6|0,6|0,6|0,6|0,6|0,6|0,6|0,6|0,6|0,6|0,6|0,6|0,6|0,6|0,6|1|1|1|1|1|1|1|1|1|1,3|1|1|1|1|1|0,6|1|1|1|1|1|1|1|1|1|1|1|0,6|1|1|1|1|1|1|1|1|1|1|1|1|1|1|1|1|1|1|1|1|1|1|1|1|1|1|1|1|1|1|1|1|1|1|1|1|1|1|1|1|1|1|1|1|1|1|1|1|1|0,6|1|1|1|1,3|1|1|1|1|1|1|1|1|1|1|1|1|1|1|1|1|1|1|1|1|1|1|1|1|1|1|1,3|1|1|1|1|1|1|1|1|1|1|1|1|1|1|1|1|1|1|1|1|1|1|1|1|1|1|1|1|1|1|1|1|1|1|1|1|1|1|1|1|1|1|1|1|1|1|1|1|1|1|1|1|1|1|1|1|1|1|1|1|1|1|1|1|1|1|1|1|1|1|1|1|1|1|1|1|1|1|1|0,6|0,6|0,6|0,6|0,6|0,6|0,6|0,6|0,6|0,6|4,3,6|1,3|1,4,3|1|1|1|1|1|1,3|1|1|1|1|1|0,6|1|1|1|1|1|1|1|1|1|1|1|0,6|1|1|0|0|0|0|0|0|0|0|0|0|0|0|0|0|0|0|0,6|0,6|1|1|1|1|1|1|1|1|1|1|1|1|1|1|1|1|1|1|1|1|1|1|1|1|1|1|1|1|1|0,6|1|1|1|1,3|1,3|1,3|1,3|1,3|1,3|1,3|1,3|1,3|1,3|1,3|1,3|1,3|1,3|1,3|1,3|1,3|1,3|1,3|1,3|1,3|1,3|1,3|1,3|1,3|1,3|1,3|1,3|1|1|1|1|1|1|1|1|1|1|1|1|1|1|1|1|1|1|0,6|0,6|0,6|0,6|0,6|0,6|0,6|0,6|0,6|0,6|0,6|0,6|0,6|0,6|0,6|0,6|0,6|0,6|0,6|0,6|0,6|0,6|0,6|0,6|0,6|0,6|0,6|0,6|0,6|0,6|0,6|0,6|0,6|0,6|0,6|0,6|0,6|0,6|0,6|0,6|0,6|0,6|0,6|0,6|0,6|0,6|0,6|0,6|0,6|0,6|0,6|0,6|0,6|0,6|0,6|0,6|0,6|0,6|0,6|0,6|0,6|0,6|0,6|0,6|0,6|0,6|0,6|0,6|0,6|1|1|1|1|1|1|1|1|1|1|1,3|1|1|1|1|1|0,6|0,6|0,6|4,3,6|1,3|1,3|1|1|1|1|1|1|0,6|1|1|0|0|0|0|0|0|0|0|0|0|0|0|0|0|0|0|0|0,6|0,6|1|1|1|1|1|1|1|1|1|1|1|1|1|1|1|1|1|1|1|1|1|1|1|1|1|1|1|1|0,6|0,6|0,6|0,6|0,6|0,6|0,6|0,6|0,6|0,6|0,6|0,6|0,6|0,6|0,6|0,6|0,6|0,6|0,6|0,6|0,6|0,6|0,6|0,6|0,6|0,6|0,6|0,6|0,6|0,6|0,6|0,6|0,6|0,6|0,6|0,6|0,6|0,6|0,6|0,6|0,6|0,6|0,6|0,6|0,6|0,6|0,6|0,6|0,6|0,6|0,6|0,6|0,6|1|1|1|1|1|1|1|1|1|1|1|1|1|1|1|1|1|1|1|1|1|1|1|1|1|1|1|1|1|1|1|1|1|1|1|1|1|1|1|1|1|1|1|1|1|1|1|1|1|1|1|1|1|1|1|1|1|1|1|0,6|0,6|0,6|1|1|1|1|1|1|1|1|1|1|1|1|1|1|1,3|1,3|1,3|1,3|1,3|1|1|1|1|1|1|1,3|1|1|1|0,6|0,6|0,6|0,6|1|1|0|0|0|0|0|0|0|0|0|0|0|0|0|0|0|0|0|0|0,6|0,6|1|1|1|1|1|1|1|1|1|1|1|1|1|1|1|1|1|1|1|1|1|1|1|1|1|1|1|1|1|1|1|1|1|1|1|1|1|1|1|1|1|1|1|1|1|1|1|1|1|1|1|1|1|1|1|1|1|1|1|1|1|1|1|1|1|1|1|1|1|1|1|1|1|1|1|0,6|0,6|0,6|1|1|1|1|1|1|1|1|1|1|1|1|1|1|1|1|1|1|1|1|1|1|1|1|1|1|1|1|1|1|1|1|1|1|1|1|1|1|1|1|1|1|1|1|1|1|1|1|1|1|1|1|1|1|1|1|1|1|1|1|1|1|1|1|1|1|1|1|1|1|1|1|1|1|1|1|1|1|1|1|1|1|1,3|1,3|1,3|1,3|1,3|1,3|1,3|1,3|1|1|1|0,6|1|1|1|1|1|
camera angles:0,0;0,0;0,0;0,0|0,0;0,0;0,0;0,0|0,0;0,0;0,0;0,0|0,0;0,0;0,0;0,0|0,0;0,0;0,0;0,0
